K Means
Normal data
(2, 2.3571782844239024)
(3, 1.8137677231975051)
(4, 1.5209146240803448)
(5, 1.0007762047136282)
(6, 1.2889952666349254)
(7, 1.126804192888391)
(8, 0.67544299497961235)
(9, 1.0559157354965927)

5 Components
(2, 2.233378672484498)
(3, 1.5832817388954863)
(4, 1.6956815981419153)
(5, 1.6833680946373555)
(6, 1.3046972792352352)
(7, 1.3407973257189114)
(8, 1.1639722698974415)
(9, 0.98421921536313817)

2 Components
(2, 2.4568812827202726)
(3, 1.7116103883356759)
(4, 2.2679031083972045)
(5, 1.9884684283607184)
(6, 1.5770078402971894)
(7, 2.1273704616346079)
(8, 1.2674645696748126)
(9, 1.8693000966741586)

EM
Normal data
none

5 Components
(2, 0.12039319314437406)
(3, 0.065173301026280009)
(4, 0.092959810637812987)
(5, 0.073576071513346122)
(6, 0.06986654979251429)
(7, 0.068547998637124699)
(8, 0.028387583574371)
(9, 0.052505597801678246)


2 Components
(2, 0.14427611682381414)
(3, 0.11902085151245256)
(4, 0.060365719436025644)
(5, 0.0715627338691706)
(6, 0.035193215148369685)
(7, 0.033340326271909367)
(8, 0.041693531122948997)
(9, 0.028701630968258715)
