1.52101000 13.64000000 4.49000000 1.10000000 71.78000000 0.06000000 8.75000000 0.00000000 0.00000000 1
1.51761000 13.89000000 3.60000000 1.36000000 72.73000000 0.48000000 7.83000000 0.00000000 0.00000000 1
1.51618000 13.53000000 3.55000000 1.54000000 72.99000000 0.39000000 7.78000000 0.00000000 0.00000000 1
1.51766000 13.21000000 3.69000000 1.29000000 72.61000000 0.57000000 8.22000000 0.00000000 0.00000000 1
1.51742000 13.27000000 3.62000000 1.24000000 73.08000000 0.55000000 8.07000000 0.00000000 0.00000000 1
1.51596000 12.79000000 3.61000000 1.62000000 72.97000000 0.64000000 8.07000000 0.00000000 0.26000000 1
1.51743000 13.30000000 3.60000000 1.14000000 73.09000000 0.58000000 8.17000000 0.00000000 0.00000000 1
1.51756000 13.15000000 3.61000000 1.05000000 73.24000000 0.57000000 8.24000000 0.00000000 0.00000000 1
1.51918000 14.04000000 3.58000000 1.37000000 72.08000000 0.56000000 8.30000000 0.00000000 0.00000000 1
1.51755000 13.00000000 3.60000000 1.36000000 72.99000000 0.57000000 8.40000000 0.00000000 0.11000000 1
1.51571000 12.72000000 3.46000000 1.56000000 73.20000000 0.67000000 8.09000000 0.00000000 0.24000000 1
1.51763000 12.80000000 3.66000000 1.27000000 73.01000000 0.60000000 8.56000000 0.00000000 0.00000000 1
1.51589000 12.88000000 3.43000000 1.40000000 73.28000000 0.69000000 8.05000000 0.00000000 0.24000000 1
1.51748000 12.86000000 3.56000000 1.27000000 73.21000000 0.54000000 8.38000000 0.00000000 0.17000000 1
1.51763000 12.61000000 3.59000000 1.31000000 73.29000000 0.58000000 8.50000000 0.00000000 0.00000000 1
1.51761000 12.81000000 3.54000000 1.23000000 73.24000000 0.58000000 8.39000000 0.00000000 0.00000000 1
1.51784000 12.68000000 3.67000000 1.16000000 73.11000000 0.61000000 8.70000000 0.00000000 0.00000000 1
1.52196000 14.36000000 3.85000000 0.89000000 71.36000000 0.15000000 9.15000000 0.00000000 0.00000000 1
1.51911000 13.90000000 3.73000000 1.18000000 72.12000000 0.06000000 8.89000000 0.00000000 0.00000000 1
1.51735000 13.02000000 3.54000000 1.69000000 72.73000000 0.54000000 8.44000000 0.00000000 0.07000000 1
1.51750000 12.82000000 3.55000000 1.49000000 72.75000000 0.54000000 8.52000000 0.00000000 0.19000000 1
1.51966000 14.77000000 3.75000000 0.29000000 72.02000000 0.03000000 9.00000000 0.00000000 0.00000000 1
1.51736000 12.78000000 3.62000000 1.29000000 72.79000000 0.59000000 8.70000000 0.00000000 0.00000000 1
1.51751000 12.81000000 3.57000000 1.35000000 73.02000000 0.62000000 8.59000000 0.00000000 0.00000000 1
1.51720000 13.38000000 3.50000000 1.15000000 72.85000000 0.50000000 8.43000000 0.00000000 0.00000000 1
1.51764000 12.98000000 3.54000000 1.21000000 73.00000000 0.65000000 8.53000000 0.00000000 0.00000000 1
1.51793000 13.21000000 3.48000000 1.41000000 72.64000000 0.59000000 8.43000000 0.00000000 0.00000000 1
1.51721000 12.87000000 3.48000000 1.33000000 73.04000000 0.56000000 8.43000000 0.00000000 0.00000000 1
1.51768000 12.56000000 3.52000000 1.43000000 73.15000000 0.57000000 8.54000000 0.00000000 0.00000000 1
1.51784000 13.08000000 3.49000000 1.28000000 72.86000000 0.60000000 8.49000000 0.00000000 0.00000000 1
1.51768000 12.65000000 3.56000000 1.30000000 73.08000000 0.61000000 8.69000000 0.00000000 0.14000000 1
1.51747000 12.84000000 3.50000000 1.14000000 73.27000000 0.56000000 8.55000000 0.00000000 0.00000000 1
1.51775000 12.85000000 3.48000000 1.23000000 72.97000000 0.61000000 8.56000000 0.09000000 0.22000000 1
1.51753000 12.57000000 3.47000000 1.38000000 73.39000000 0.60000000 8.55000000 0.00000000 0.06000000 1
1.51783000 12.69000000 3.54000000 1.34000000 72.95000000 0.57000000 8.75000000 0.00000000 0.00000000 1
1.51567000 13.29000000 3.45000000 1.21000000 72.74000000 0.56000000 8.57000000 0.00000000 0.00000000 1
1.51909000 13.89000000 3.53000000 1.32000000 71.81000000 0.51000000 8.78000000 0.11000000 0.00000000 1
1.51797000 12.74000000 3.48000000 1.35000000 72.96000000 0.64000000 8.68000000 0.00000000 0.00000000 1
1.52213000 14.21000000 3.82000000 0.47000000 71.77000000 0.11000000 9.57000000 0.00000000 0.00000000 1
1.52213000 14.21000000 3.82000000 0.47000000 71.77000000 0.11000000 9.57000000 0.00000000 0.00000000 1
1.51793000 12.79000000 3.50000000 1.12000000 73.03000000 0.64000000 8.77000000 0.00000000 0.00000000 1
1.51755000 12.71000000 3.42000000 1.20000000 73.20000000 0.59000000 8.64000000 0.00000000 0.00000000 1
1.51779000 13.21000000 3.39000000 1.33000000 72.76000000 0.59000000 8.59000000 0.00000000 0.00000000 1
1.52210000 13.73000000 3.84000000 0.72000000 71.76000000 0.17000000 9.74000000 0.00000000 0.00000000 1
1.51786000 12.73000000 3.43000000 1.19000000 72.95000000 0.62000000 8.76000000 0.00000000 0.30000000 1
1.51900000 13.49000000 3.48000000 1.35000000 71.95000000 0.55000000 9.00000000 0.00000000 0.00000000 1
1.51869000 13.19000000 3.37000000 1.18000000 72.72000000 0.57000000 8.83000000 0.00000000 0.16000000 1
1.52667000 13.99000000 3.70000000 0.71000000 71.57000000 0.02000000 9.82000000 0.00000000 0.10000000 1
1.52223000 13.21000000 3.77000000 0.79000000 71.99000000 0.13000000 10.02000000 0.00000000 0.00000000 1
1.51898000 13.58000000 3.35000000 1.23000000 72.08000000 0.59000000 8.91000000 0.00000000 0.00000000 1
1.52320000 13.72000000 3.72000000 0.51000000 71.75000000 0.09000000 10.06000000 0.00000000 0.16000000 1
1.51926000 13.20000000 3.33000000 1.28000000 72.36000000 0.60000000 9.14000000 0.00000000 0.11000000 1
1.51808000 13.43000000 2.87000000 1.19000000 72.84000000 0.55000000 9.03000000 0.00000000 0.00000000 1
1.51837000 13.14000000 2.84000000 1.28000000 72.85000000 0.55000000 9.07000000 0.00000000 0.00000000 1
1.51778000 13.21000000 2.81000000 1.29000000 72.98000000 0.51000000 9.02000000 0.00000000 0.09000000 1
1.51769000 12.45000000 2.71000000 1.29000000 73.70000000 0.56000000 9.06000000 0.00000000 0.24000000 1
1.51215000 12.99000000 3.47000000 1.12000000 72.98000000 0.62000000 8.35000000 0.00000000 0.31000000 1
1.51824000 12.87000000 3.48000000 1.29000000 72.95000000 0.60000000 8.43000000 0.00000000 0.00000000 1
1.51754000 13.48000000 3.74000000 1.17000000 72.99000000 0.59000000 8.03000000 0.00000000 0.00000000 1
1.51754000 13.39000000 3.66000000 1.19000000 72.79000000 0.57000000 8.27000000 0.00000000 0.11000000 1
1.51905000 13.60000000 3.62000000 1.11000000 72.64000000 0.14000000 8.76000000 0.00000000 0.00000000 1
1.51977000 13.81000000 3.58000000 1.32000000 71.72000000 0.12000000 8.67000000 0.69000000 0.00000000 1
1.52172000 13.51000000 3.86000000 0.88000000 71.79000000 0.23000000 9.54000000 0.00000000 0.11000000 1
1.52227000 14.17000000 3.81000000 0.78000000 71.35000000 0.00000000 9.69000000 0.00000000 0.00000000 1
1.52172000 13.48000000 3.74000000 0.90000000 72.01000000 0.18000000 9.61000000 0.00000000 0.07000000 1
1.52099000 13.69000000 3.59000000 1.12000000 71.96000000 0.09000000 9.40000000 0.00000000 0.00000000 1
1.52152000 13.05000000 3.65000000 0.87000000 72.22000000 0.19000000 9.85000000 0.00000000 0.17000000 1
1.52152000 13.05000000 3.65000000 0.87000000 72.32000000 0.19000000 9.85000000 0.00000000 0.17000000 1
1.52152000 13.12000000 3.58000000 0.90000000 72.20000000 0.23000000 9.82000000 0.00000000 0.16000000 1
1.52300000 13.31000000 3.58000000 0.82000000 71.99000000 0.12000000 10.17000000 0.00000000 0.03000000 1
1.51574000 14.86000000 3.67000000 1.74000000 71.87000000 0.16000000 7.36000000 0.00000000 0.12000000 2
1.51848000 13.64000000 3.87000000 1.27000000 71.96000000 0.54000000 8.32000000 0.00000000 0.32000000 2
1.51593000 13.09000000 3.59000000 1.52000000 73.10000000 0.67000000 7.83000000 0.00000000 0.00000000 2
1.51631000 13.34000000 3.57000000 1.57000000 72.87000000 0.61000000 7.89000000 0.00000000 0.00000000 2
1.51596000 13.02000000 3.56000000 1.54000000 73.11000000 0.72000000 7.90000000 0.00000000 0.00000000 2
1.51590000 13.02000000 3.58000000 1.51000000 73.12000000 0.69000000 7.96000000 0.00000000 0.00000000 2
1.51645000 13.44000000 3.61000000 1.54000000 72.39000000 0.66000000 8.03000000 0.00000000 0.00000000 2
1.51627000 13.00000000 3.58000000 1.54000000 72.83000000 0.61000000 8.04000000 0.00000000 0.00000000 2
1.51613000 13.92000000 3.52000000 1.25000000 72.88000000 0.37000000 7.94000000 0.00000000 0.14000000 2
1.51590000 12.82000000 3.52000000 1.90000000 72.86000000 0.69000000 7.97000000 0.00000000 0.00000000 2
1.51592000 12.86000000 3.52000000 2.12000000 72.66000000 0.69000000 7.97000000 0.00000000 0.00000000 2
1.51593000 13.25000000 3.45000000 1.43000000 73.17000000 0.61000000 7.86000000 0.00000000 0.00000000 2
1.51646000 13.41000000 3.55000000 1.25000000 72.81000000 0.68000000 8.10000000 0.00000000 0.00000000 2
1.51594000 13.09000000 3.52000000 1.55000000 72.87000000 0.68000000 8.05000000 0.00000000 0.09000000 2
1.51409000 14.25000000 3.09000000 2.08000000 72.28000000 1.10000000 7.08000000 0.00000000 0.00000000 2
1.51625000 13.36000000 3.58000000 1.49000000 72.72000000 0.45000000 8.21000000 0.00000000 0.00000000 2
1.51569000 13.24000000 3.49000000 1.47000000 73.25000000 0.38000000 8.03000000 0.00000000 0.00000000 2
1.51645000 13.40000000 3.49000000 1.52000000 72.65000000 0.67000000 8.08000000 0.00000000 0.10000000 2
1.51618000 13.01000000 3.50000000 1.48000000 72.89000000 0.60000000 8.12000000 0.00000000 0.00000000 2
1.51640000 12.55000000 3.48000000 1.87000000 73.23000000 0.63000000 8.08000000 0.00000000 0.09000000 2
1.51841000 12.93000000 3.74000000 1.11000000 72.28000000 0.64000000 8.96000000 0.00000000 0.22000000 2
1.51605000 12.90000000 3.44000000 1.45000000 73.06000000 0.44000000 8.27000000 0.00000000 0.00000000 2
1.51588000 13.12000000 3.41000000 1.58000000 73.26000000 0.07000000 8.39000000 0.00000000 0.19000000 2
1.51590000 13.24000000 3.34000000 1.47000000 73.10000000 0.39000000 8.22000000 0.00000000 0.00000000 2
1.51629000 12.71000000 3.33000000 1.49000000 73.28000000 0.67000000 8.24000000 0.00000000 0.00000000 2
1.51860000 13.36000000 3.43000000 1.43000000 72.26000000 0.51000000 8.60000000 0.00000000 0.00000000 2
1.51841000 13.02000000 3.62000000 1.06000000 72.34000000 0.64000000 9.13000000 0.00000000 0.15000000 2
1.51743000 12.20000000 3.25000000 1.16000000 73.55000000 0.62000000 8.90000000 0.00000000 0.24000000 2
1.51689000 12.67000000 2.88000000 1.71000000 73.21000000 0.73000000 8.54000000 0.00000000 0.00000000 2
1.51811000 12.96000000 2.96000000 1.43000000 72.92000000 0.60000000 8.79000000 0.14000000 0.00000000 2
1.51655000 12.75000000 2.85000000 1.44000000 73.27000000 0.57000000 8.79000000 0.11000000 0.22000000 2
1.51730000 12.35000000 2.72000000 1.63000000 72.87000000 0.70000000 9.23000000 0.00000000 0.00000000 2
1.51820000 12.62000000 2.76000000 0.83000000 73.81000000 0.35000000 9.42000000 0.00000000 0.20000000 2
1.52725000 13.80000000 3.15000000 0.66000000 70.57000000 0.08000000 11.64000000 0.00000000 0.00000000 2
1.52410000 13.83000000 2.90000000 1.17000000 71.15000000 0.08000000 10.79000000 0.00000000 0.00000000 2
1.52475000 11.45000000 0.00000000 1.88000000 72.19000000 0.81000000 13.24000000 0.00000000 0.34000000 2
1.53125000 10.73000000 0.00000000 2.10000000 69.81000000 0.58000000 13.30000000 3.15000000 0.28000000 2
1.53393000 12.30000000 0.00000000 1.00000000 70.16000000 0.12000000 16.19000000 0.00000000 0.24000000 2
1.52222000 14.43000000 0.00000000 1.00000000 72.67000000 0.10000000 11.52000000 0.00000000 0.08000000 2
1.51818000 13.72000000 0.00000000 0.56000000 74.45000000 0.00000000 10.99000000 0.00000000 0.00000000 2
1.52664000 11.23000000 0.00000000 0.77000000 73.21000000 0.00000000 14.68000000 0.00000000 0.00000000 2
1.52739000 11.02000000 0.00000000 0.75000000 73.08000000 0.00000000 14.96000000 0.00000000 0.00000000 2
1.52777000 12.64000000 0.00000000 0.67000000 72.02000000 0.06000000 14.40000000 0.00000000 0.00000000 2
1.51892000 13.46000000 3.83000000 1.26000000 72.55000000 0.57000000 8.21000000 0.00000000 0.14000000 2
1.51847000 13.10000000 3.97000000 1.19000000 72.44000000 0.60000000 8.43000000 0.00000000 0.00000000 2
1.51846000 13.41000000 3.89000000 1.33000000 72.38000000 0.51000000 8.28000000 0.00000000 0.00000000 2
1.51829000 13.24000000 3.90000000 1.41000000 72.33000000 0.55000000 8.31000000 0.00000000 0.10000000 2
1.51708000 13.72000000 3.68000000 1.81000000 72.06000000 0.64000000 7.88000000 0.00000000 0.00000000 2
1.51673000 13.30000000 3.64000000 1.53000000 72.53000000 0.65000000 8.03000000 0.00000000 0.29000000 2
1.51652000 13.56000000 3.57000000 1.47000000 72.45000000 0.64000000 7.96000000 0.00000000 0.00000000 2
1.51844000 13.25000000 3.76000000 1.32000000 72.40000000 0.58000000 8.42000000 0.00000000 0.00000000 2
1.51663000 12.93000000 3.54000000 1.62000000 72.96000000 0.64000000 8.03000000 0.00000000 0.21000000 2
1.51687000 13.23000000 3.54000000 1.48000000 72.84000000 0.56000000 8.10000000 0.00000000 0.00000000 2
1.51707000 13.48000000 3.48000000 1.71000000 72.52000000 0.62000000 7.99000000 0.00000000 0.00000000 2
1.52177000 13.20000000 3.68000000 1.15000000 72.75000000 0.54000000 8.52000000 0.00000000 0.00000000 2
1.51872000 12.93000000 3.66000000 1.56000000 72.51000000 0.58000000 8.55000000 0.00000000 0.12000000 2
1.51667000 12.94000000 3.61000000 1.26000000 72.75000000 0.56000000 8.60000000 0.00000000 0.00000000 2
1.52081000 13.78000000 2.28000000 1.43000000 71.99000000 0.49000000 9.85000000 0.00000000 0.17000000 2
1.52068000 13.55000000 2.09000000 1.67000000 72.18000000 0.53000000 9.57000000 0.27000000 0.17000000 2
1.52020000 13.98000000 1.35000000 1.63000000 71.76000000 0.39000000 10.56000000 0.00000000 0.18000000 2
1.52177000 13.75000000 1.01000000 1.36000000 72.19000000 0.33000000 11.14000000 0.00000000 0.00000000 2
1.52614000 13.70000000 0.00000000 1.36000000 71.24000000 0.19000000 13.44000000 0.00000000 0.10000000 2
1.51813000 13.43000000 3.98000000 1.18000000 72.49000000 0.58000000 8.15000000 0.00000000 0.00000000 2
1.51800000 13.71000000 3.93000000 1.54000000 71.81000000 0.54000000 8.21000000 0.00000000 0.15000000 2
1.51811000 13.33000000 3.85000000 1.25000000 72.78000000 0.52000000 8.12000000 0.00000000 0.00000000 2
1.51789000 13.19000000 3.90000000 1.30000000 72.33000000 0.55000000 8.44000000 0.00000000 0.28000000 2
1.51806000 13.00000000 3.80000000 1.08000000 73.07000000 0.56000000 8.38000000 0.00000000 0.12000000 2
1.51711000 12.89000000 3.62000000 1.57000000 72.96000000 0.61000000 8.11000000 0.00000000 0.00000000 2
1.51674000 12.79000000 3.52000000 1.54000000 73.36000000 0.66000000 7.90000000 0.00000000 0.00000000 2
1.51674000 12.87000000 3.56000000 1.64000000 73.14000000 0.65000000 7.99000000 0.00000000 0.00000000 2
1.51690000 13.33000000 3.54000000 1.61000000 72.54000000 0.68000000 8.11000000 0.00000000 0.00000000 2
1.51851000 13.20000000 3.63000000 1.07000000 72.83000000 0.57000000 8.41000000 0.09000000 0.17000000 2
1.51662000 12.85000000 3.51000000 1.44000000 73.01000000 0.68000000 8.23000000 0.06000000 0.25000000 2
1.51709000 13.00000000 3.47000000 1.79000000 72.72000000 0.66000000 8.18000000 0.00000000 0.00000000 2
1.51660000 12.99000000 3.18000000 1.23000000 72.97000000 0.58000000 8.81000000 0.00000000 0.24000000 2
1.51839000 12.85000000 3.67000000 1.24000000 72.57000000 0.62000000 8.68000000 0.00000000 0.35000000 2
1.51769000 13.65000000 3.66000000 1.11000000 72.77000000 0.11000000 8.60000000 0.00000000 0.00000000 3
1.51610000 13.33000000 3.53000000 1.34000000 72.67000000 0.56000000 8.33000000 0.00000000 0.00000000 3
1.51670000 13.24000000 3.57000000 1.38000000 72.70000000 0.56000000 8.44000000 0.00000000 0.10000000 3
1.51643000 12.16000000 3.52000000 1.35000000 72.89000000 0.57000000 8.53000000 0.00000000 0.00000000 3
1.51665000 13.14000000 3.45000000 1.76000000 72.48000000 0.60000000 8.38000000 0.00000000 0.17000000 3
1.52127000 14.32000000 3.90000000 0.83000000 71.50000000 0.00000000 9.49000000 0.00000000 0.00000000 3
1.51779000 13.64000000 3.65000000 0.65000000 73.00000000 0.06000000 8.93000000 0.00000000 0.00000000 3
1.51610000 13.42000000 3.40000000 1.22000000 72.69000000 0.59000000 8.32000000 0.00000000 0.00000000 3
1.51694000 12.86000000 3.58000000 1.31000000 72.61000000 0.61000000 8.79000000 0.00000000 0.00000000 3
1.51646000 13.04000000 3.40000000 1.26000000 73.01000000 0.52000000 8.58000000 0.00000000 0.00000000 3
1.51655000 13.41000000 3.39000000 1.28000000 72.64000000 0.52000000 8.65000000 0.00000000 0.00000000 3
1.52121000 14.03000000 3.76000000 0.58000000 71.79000000 0.11000000 9.65000000 0.00000000 0.00000000 3
1.51776000 13.53000000 3.41000000 1.52000000 72.04000000 0.58000000 8.79000000 0.00000000 0.00000000 3
1.51796000 13.50000000 3.36000000 1.63000000 71.94000000 0.57000000 8.81000000 0.00000000 0.09000000 3
1.51832000 13.33000000 3.34000000 1.54000000 72.14000000 0.56000000 8.99000000 0.00000000 0.00000000 3
1.51934000 13.64000000 3.54000000 0.75000000 72.65000000 0.16000000 8.89000000 0.15000000 0.24000000 3
1.52211000 14.19000000 3.78000000 0.91000000 71.36000000 0.23000000 9.14000000 0.00000000 0.37000000 3
1.51514000 14.01000000 2.68000000 3.50000000 69.89000000 1.68000000 5.87000000 2.20000000 0.00000000 5
1.51915000 12.73000000 1.85000000 1.86000000 72.69000000 0.60000000 10.09000000 0.00000000 0.00000000 5
1.52171000 11.56000000 1.88000000 1.56000000 72.86000000 0.47000000 11.41000000 0.00000000 0.00000000 5
1.52151000 11.03000000 1.71000000 1.56000000 73.44000000 0.58000000 11.62000000 0.00000000 0.00000000 5
1.51969000 12.64000000 0.00000000 1.65000000 73.75000000 0.38000000 11.53000000 0.00000000 0.00000000 5
1.51666000 12.86000000 0.00000000 1.83000000 73.88000000 0.97000000 10.17000000 0.00000000 0.00000000 5
1.51994000 13.27000000 0.00000000 1.76000000 73.03000000 0.47000000 11.32000000 0.00000000 0.00000000 5
1.52369000 13.44000000 0.00000000 1.58000000 72.22000000 0.32000000 12.24000000 0.00000000 0.00000000 5
1.51316000 13.02000000 0.00000000 3.04000000 70.48000000 6.21000000 6.96000000 0.00000000 0.00000000 5
1.51321000 13.00000000 0.00000000 3.02000000 70.70000000 6.21000000 6.93000000 0.00000000 0.00000000 5
1.52043000 13.38000000 0.00000000 1.40000000 72.25000000 0.33000000 12.50000000 0.00000000 0.00000000 5
1.52058000 12.85000000 1.61000000 2.17000000 72.18000000 0.76000000 9.70000000 0.24000000 0.51000000 5
1.52119000 12.97000000 0.33000000 1.51000000 73.39000000 0.13000000 11.27000000 0.00000000 0.28000000 5
1.51905000 14.00000000 2.39000000 1.56000000 72.37000000 0.00000000 9.57000000 0.00000000 0.00000000 6
1.51937000 13.79000000 2.41000000 1.19000000 72.76000000 0.00000000 9.77000000 0.00000000 0.00000000 6
1.51829000 14.46000000 2.24000000 1.62000000 72.38000000 0.00000000 9.26000000 0.00000000 0.00000000 6
1.51852000 14.09000000 2.19000000 1.66000000 72.67000000 0.00000000 9.32000000 0.00000000 0.00000000 6
1.51299000 14.40000000 1.74000000 1.54000000 74.55000000 0.00000000 7.59000000 0.00000000 0.00000000 6
1.51888000 14.99000000 0.78000000 1.74000000 72.50000000 0.00000000 9.95000000 0.00000000 0.00000000 6
1.51916000 14.15000000 0.00000000 2.09000000 72.74000000 0.00000000 10.88000000 0.00000000 0.00000000 6
1.51969000 14.56000000 0.00000000 0.56000000 73.48000000 0.00000000 11.22000000 0.00000000 0.00000000 6
1.51115000 17.38000000 0.00000000 0.34000000 75.41000000 0.00000000 6.65000000 0.00000000 0.00000000 6
1.51131000 13.69000000 3.20000000 1.81000000 72.81000000 1.76000000 5.43000000 1.19000000 0.00000000 7
1.51838000 14.32000000 3.26000000 2.22000000 71.25000000 1.46000000 5.79000000 1.63000000 0.00000000 7
1.52315000 13.44000000 3.34000000 1.23000000 72.38000000 0.60000000 8.83000000 0.00000000 0.00000000 7
1.52247000 14.86000000 2.20000000 2.06000000 70.26000000 0.76000000 9.76000000 0.00000000 0.00000000 7
1.52365000 15.79000000 1.83000000 1.31000000 70.43000000 0.31000000 8.61000000 1.68000000 0.00000000 7
1.51613000 13.88000000 1.78000000 1.79000000 73.10000000 0.00000000 8.67000000 0.76000000 0.00000000 7
1.51602000 14.85000000 0.00000000 2.38000000 73.28000000 0.00000000 8.76000000 0.64000000 0.09000000 7
1.51623000 14.20000000 0.00000000 2.79000000 73.46000000 0.04000000 9.04000000 0.40000000 0.09000000 7
1.51719000 14.75000000 0.00000000 2.00000000 73.02000000 0.00000000 8.53000000 1.59000000 0.08000000 7
1.51683000 14.56000000 0.00000000 1.98000000 73.29000000 0.00000000 8.52000000 1.57000000 0.07000000 7
1.51545000 14.14000000 0.00000000 2.68000000 73.39000000 0.08000000 9.07000000 0.61000000 0.05000000 7
1.51556000 13.87000000 0.00000000 2.54000000 73.23000000 0.14000000 9.41000000 0.81000000 0.01000000 7
1.51727000 14.70000000 0.00000000 2.34000000 73.28000000 0.00000000 8.95000000 0.66000000 0.00000000 7
1.51531000 14.38000000 0.00000000 2.66000000 73.10000000 0.04000000 9.08000000 0.64000000 0.00000000 7
1.51609000 15.01000000 0.00000000 2.51000000 73.05000000 0.05000000 8.83000000 0.53000000 0.00000000 7
1.51508000 15.15000000 0.00000000 2.25000000 73.50000000 0.00000000 8.34000000 0.63000000 0.00000000 7
1.51653000 11.95000000 0.00000000 1.19000000 75.18000000 2.70000000 8.93000000 0.00000000 0.00000000 7
1.51514000 14.85000000 0.00000000 2.42000000 73.72000000 0.00000000 8.39000000 0.56000000 0.00000000 7
1.51658000 14.80000000 0.00000000 1.99000000 73.11000000 0.00000000 8.28000000 1.71000000 0.00000000 7
1.51617000 14.95000000 0.00000000 2.27000000 73.30000000 0.00000000 8.71000000 0.67000000 0.00000000 7
1.51732000 14.95000000 0.00000000 1.80000000 72.99000000 0.00000000 8.61000000 1.55000000 0.00000000 7
1.51645000 14.94000000 0.00000000 1.87000000 73.11000000 0.00000000 8.67000000 1.38000000 0.00000000 7
1.51831000 14.39000000 0.00000000 1.82000000 72.86000000 1.41000000 6.47000000 2.88000000 0.00000000 7
1.51640000 14.37000000 0.00000000 2.74000000 72.85000000 0.00000000 9.45000000 0.54000000 0.00000000 7
1.51623000 14.14000000 0.00000000 2.88000000 72.61000000 0.08000000 9.18000000 1.06000000 0.00000000 7
1.51685000 14.92000000 0.00000000 1.99000000 73.06000000 0.00000000 8.40000000 1.59000000 0.00000000 7
1.52065000 14.36000000 0.00000000 2.02000000 73.42000000 0.00000000 8.44000000 1.64000000 0.00000000 7
1.51651000 14.38000000 0.00000000 1.94000000 73.61000000 0.00000000 8.48000000 1.57000000 0.00000000 7
1.51711000 14.23000000 0.00000000 2.08000000 73.36000000 0.00000000 8.62000000 1.67000000 0.00000000 7
